ET=0-20
/* A */  {0.03789857, 0.0, 0.0, 0.0, 0.0, 0.0, 0.0, 0.0, 0.0, 0.0, 0.0, 0.0, 0.0, 0.0, 0.0, 0.0, 0.0, 0.0, 0.0, 0.0},
/* R */  {0.00017463, 0.03443137, 0.0, 0.0, 0.0, 0.0, 0.0, 0.0, 0.0, 0.0, 0.0, 0.0, 0.0, 0.0, 0.0, 0.0, 0.0, 0.0, 0.0, 0.0},
/* N */  {0.00017783, 0.00017152, 0.02248197, 0.0, 0.0, 0.0, 0.0, 0.0, 0.0, 0.0, 0.0, 0.0, 0.0, 0.0, 0.0, 0.0, 0.0, 0.0, 0.0, 0.0},
/* D */  {0.00019267, 0.00010053, 0.00085607, 0.04305533, 0.0, 0.0, 0.0, 0.0, 0.0, 0.0, 0.0, 0.0, 0.0, 0.0, 0.0, 0.0, 0.0, 0.0, 0.0, 0.0},
/* C */  {0.00049666, 0.00005339, 0.00009186, 0.00006860, 0.01926131, 0.0, 0.0, 0.0, 0.0, 0.0, 0.0, 0.0, 0.0, 0.0, 0.0, 0.0, 0.0, 0.0, 0.0, 0.0},
/* Q */  {0.00013866, 0.00031581, 0.00018865, 0.00013916, 0.00002338, 0.01426439, 0.0, 0.0, 0.0, 0.0, 0.0, 0.0, 0.0, 0.0, 0.0, 0.0, 0.0, 0.0, 0.0, 0.0},
/* E */  {0.00018164, 0.00014445, 0.00013561, 0.00134018, 0.00002477, 0.00050771, 0.02856741, 0.0, 0.0, 0.0, 0.0, 0.0, 0.0, 0.0, 0.0, 0.0, 0.0, 0.0, 0.0, 0.0},
/* G */  {0.00275759, 0.00030386, 0.00059273, 0.00056748, 0.00020795, 0.00017900, 0.00031517, 0.10606001, 0.0, 0.0, 0.0, 0.0, 0.0, 0.0, 0.0, 0.0, 0.0, 0.0, 0.0, 0.0},
/* H */  {0.00009088, 0.00025149, 0.00031341, 0.00017729, 0.00003847, 0.00028008, 0.00008595, 0.00016185, 0.02064361, 0.0, 0.0, 0.0, 0.0, 0.0, 0.0, 0.0, 0.0, 0.0, 0.0, 0.0},
/* I */  {0.00023140, 0.00007616, 0.00005711, 0.00003453, 0.00005607, 0.00005374, 0.00004090, 0.00006771, 0.00003435, 0.01246248, 0.0, 0.0, 0.0, 0.0, 0.0, 0.0, 0.0, 0.0, 0.0, 0.0},
/* L */  {0.00053198, 0.00023854, 0.00013216, 0.00007032, 0.00020039, 0.00021912, 0.00009630, 0.00020394, 0.00015746, 0.00220271, 0.05628459, 0.0, 0.0, 0.0, 0.0, 0.0, 0.0, 0.0, 0.0, 0.0},
/* K */  {0.00008429, 0.00104454, 0.00012016, 0.00008203, 0.00001781, 0.00016589, 0.00014597, 0.00020718, 0.00008099, 0.00003904, 0.00011676, 0.01658160, 0.0, 0.0, 0.0, 0.0, 0.0, 0.0, 0.0, 0.0},
/* M */  {0.00016965, 0.00006519, 0.00004138, 0.00002375, 0.00004558, 0.00011381, 0.00003910, 0.00007963, 0.00003795, 0.00024597, 0.00139915, 0.00004426, 0.00739559, 0.0, 0.0, 0.0, 0.0, 0.0, 0.0, 0.0},
/* F */  {0.00020164, 0.00007236, 0.00006765, 0.00004067, 0.00009290, 0.00005869, 0.00004181, 0.00012552, 0.00018434, 0.00039275, 0.00199099, 0.00003006, 0.00030016, 0.03452040, 0.0, 0.0, 0.0, 0.0, 0.0, 0.0},
/* P */  {0.00070886, 0.00016324, 0.00011626, 0.00016558, 0.00006144, 0.00012428, 0.00013865, 0.00040148, 0.00009913, 0.00012642, 0.00027208, 0.00011614, 0.00005410, 0.00010444, 0.04409867, 0.0, 0.0, 0.0, 0.0, 0.0},
/* S */  {0.00165213, 0.00017929, 0.00058162, 0.00037168, 0.00025437, 0.00014898, 0.00015726, 0.00129968, 0.00012534, 0.00005636, 0.00014795, 0.00008406, 0.00005846, 0.00011551, 0.00041534, 0.02443209, 0.0, 0.0, 0.0, 0.0},
/* T */  {0.00063059, 0.00015031, 0.00030774, 0.00018333, 0.00016596, 0.00010736, 0.00011185, 0.00035789, 0.00008485, 0.00017085, 0.00032180, 0.00009498, 0.00010547, 0.00010718, 0.00028447, 0.00159856, 0.02331341, 0.0, 0.0, 0.0},
/* W */  {0.00007079, 0.00008028, 0.00003477, 0.00003332, 0.00003233, 0.00003025, 0.00002531, 0.00007720, 0.00007622, 0.00006263, 0.00027337, 0.00002766, 0.00005827, 0.00085641, 0.00003874, 0.00005889, 0.00004488, 0.02157273, 0.0, 0.0},
/* Y */  {0.00014579, 0.00012215, 0.00012539, 0.00007424, 0.00007924, 0.00007179, 0.00005929, 0.00012322, 0.00042378, 0.00013206, 0.00044990, 0.00005065, 0.00008975, 0.00241769, 0.00009135, 0.00013157, 0.00009330, 0.00067293, 0.02937397, 0.0},
/* V */  {0.00086534, 0.00009990, 0.00009901, 0.00005339, 0.00018923, 0.00007031, 0.00008278, 0.00018517, 0.00004443, 0.00171366, 0.00141036, 0.00005358, 0.00016632, 0.00033166, 0.00024858, 0.00012866, 0.00048486, 0.00006966, 0.00013790, 0.01865215},


ET=20-40
/* A */  {0.05196460, 0.0, 0.0, 0.0, 0.0, 0.0, 0.0, 0.0, 0.0, 0.0, 0.0, 0.0, 0.0, 0.0, 0.0, 0.0, 0.0, 0.0, 0.0, 0.0},
/* R */  {0.00055832, 0.01963693, 0.0, 0.0, 0.0, 0.0, 0.0, 0.0, 0.0, 0.0, 0.0, 0.0, 0.0, 0.0, 0.0, 0.0, 0.0, 0.0, 0.0, 0.0},
/* N */  {0.00057083, 0.00046414, 0.01270801, 0.0, 0.0, 0.0, 0.0, 0.0, 0.0, 0.0, 0.0, 0.0, 0.0, 0.0, 0.0, 0.0, 0.0, 0.0, 0.0, 0.0},
/* D */  {0.00057265, 0.00032542, 0.00175328, 0.02229394, 0.0, 0.0, 0.0, 0.0, 0.0, 0.0, 0.0, 0.0, 0.0, 0.0, 0.0, 0.0, 0.0, 0.0, 0.0, 0.0},
/* C */  {0.00145783, 0.00010719, 0.00015152, 0.00009021, 0.00680625, 0.0, 0.0, 0.0, 0.0, 0.0, 0.0, 0.0, 0.0, 0.0, 0.0, 0.0, 0.0, 0.0, 0.0, 0.0},
/* Q */  {0.00047550, 0.00075148, 0.00035703, 0.00041776, 0.00008061, 0.00993063, 0.0, 0.0, 0.0, 0.0, 0.0, 0.0, 0.0, 0.0, 0.0, 0.0, 0.0, 0.0, 0.0, 0.0},
/* E */  {0.00066893, 0.00046524, 0.00040372, 0.00229958, 0.00006480, 0.00105499, 0.01723673, 0.0, 0.0, 0.0, 0.0, 0.0, 0.0, 0.0, 0.0, 0.0, 0.0, 0.0, 0.0, 0.0},
/* G */  {0.00463976, 0.00066538, 0.00133559, 0.00124339, 0.00032155, 0.00044497, 0.00072467, 0.04320932, 0.0, 0.0, 0.0, 0.0, 0.0, 0.0, 0.0, 0.0, 0.0, 0.0, 0.0, 0.0},
/* H */  {0.00028921, 0.00053503, 0.00056179, 0.00036342, 0.00005772, 0.00053158, 0.00021669, 0.00031671, 0.00768229, 0.0, 0.0, 0.0, 0.0, 0.0, 0.0, 0.0, 0.0, 0.0, 0.0, 0.0},
/* I */  {0.00131123, 0.00027437, 0.00017560, 0.00010403, 0.00030818, 0.00020722, 0.00016732, 0.00023875, 0.00012311, 0.03762667, 0.0, 0.0, 0.0, 0.0, 0.0, 0.0, 0.0, 0.0, 0.0, 0.0},
/* L */  {0.00245113, 0.00075510, 0.00040188, 0.00026730, 0.00066240, 0.00068977, 0.00038654, 0.00058590, 0.00043710, 0.00954376, 0.07930115, 0.0, 0.0, 0.0, 0.0, 0.0, 0.0, 0.0, 0.0, 0.0},
/* K */  {0.00047118, 0.00272730, 0.00043887, 0.00030856, 0.00005807, 0.00067090, 0.00053019, 0.00061554, 0.00025587, 0.00017686, 0.00051386, 0.01506165, 0.0, 0.0, 0.0, 0.0, 0.0, 0.0, 0.0, 0.0},
/* M */  {0.00073513, 0.00017426, 0.00011849, 0.00007227, 0.00014553, 0.00027493, 0.00011481, 0.00019636, 0.00009446, 0.00131751, 0.00425069, 0.00015247, 0.00967744, 0.0, 0.0, 0.0, 0.0, 0.0, 0.0, 0.0},
/* F */  {0.00076011, 0.00023873, 0.00018400, 0.00012632, 0.00026510, 0.00016931, 0.00013654, 0.00031047, 0.00043179, 0.00154757, 0.00526085, 0.00012810, 0.00081364, 0.02844072, 0.0, 0.0, 0.0, 0.0, 0.0, 0.0},
/* P */  {0.00153862, 0.00039493, 0.00031215, 0.00045391, 0.00010631, 0.00030513, 0.00045521, 0.00079845, 0.00021347, 0.00035187, 0.00072333, 0.00039719, 0.00013271, 0.00024398, 0.02548230, 0.0, 0.0, 0.0, 0.0, 0.0},
/* S */  {0.00481983, 0.00056480, 0.00120426, 0.00098563, 0.00058104, 0.00040722, 0.00050262, 0.00208705, 0.00030803, 0.00029809, 0.00065456, 0.00040948, 0.00023353, 0.00033433, 0.00094009, 0.02215837, 0.0, 0.0, 0.0, 0.0},
/* T */  {0.00239622, 0.00047450, 0.00078613, 0.00057124, 0.00045506, 0.00036523, 0.00039662, 0.00079466, 0.00021057, 0.00091679, 0.00134151, 0.00041426, 0.00041642, 0.00041274, 0.00064867, 0.00360120, 0.02369623, 0.0, 0.0, 0.0},
/* W */  {0.00018983, 0.00015133, 0.00006272, 0.00006033, 0.00005363, 0.00008336, 0.00006952, 0.00014473, 0.00015302, 0.00019375, 0.00064719, 0.00007128, 0.00011903, 0.00102858, 0.00008819, 0.00012769, 0.00010535, 0.00742212, 0.0, 0.0},
/* Y */  {0.00059556, 0.00034692, 0.00030922, 0.00023091, 0.00017778, 0.00022627, 0.00019267, 0.00028526, 0.00093297, 0.00052578, 0.00165955, 0.00019980, 0.00032898, 0.00484381, 0.00020661, 0.00035283, 0.00032641, 0.00108269, 0.02415570, 0.0},
/* V */  {0.00438851, 0.00037569, 0.00029692, 0.00019354, 0.00085899, 0.00027963, 0.00032691, 0.00053524, 0.00016408, 0.01048950, 0.00708135, 0.00026896, 0.00094659, 0.00141430, 0.00066549, 0.00071856, 0.00207522, 0.00020856, 0.00065390, 0.04988472},


ET=40-60
/* A */  {0.03795917, 0.0, 0.0, 0.0, 0.0, 0.0, 0.0, 0.0, 0.0, 0.0, 0.0, 0.0, 0.0, 0.0, 0.0, 0.0, 0.0, 0.0, 0.0, 0.0},
/* R */  {0.00132508, 0.01956121, 0.0, 0.0, 0.0, 0.0, 0.0, 0.0, 0.0, 0.0, 0.0, 0.0, 0.0, 0.0, 0.0, 0.0, 0.0, 0.0, 0.0, 0.0},
/* N */  {0.00101887, 0.00106418, 0.01202537, 0.0, 0.0, 0.0, 0.0, 0.0, 0.0, 0.0, 0.0, 0.0, 0.0, 0.0, 0.0, 0.0, 0.0, 0.0, 0.0, 0.0},
/* D */  {0.00115475, 0.00081966, 0.00285696, 0.02299406, 0.0, 0.0, 0.0, 0.0, 0.0, 0.0, 0.0, 0.0, 0.0, 0.0, 0.0, 0.0, 0.0, 0.0, 0.0, 0.0},
/* C */  {0.00138886, 0.00017299, 0.00017415, 0.00011447, 0.00356004, 0.0, 0.0, 0.0, 0.0, 0.0, 0.0, 0.0, 0.0, 0.0, 0.0, 0.0, 0.0, 0.0, 0.0, 0.0},
/* Q */  {0.00094339, 0.00148586, 0.00068999, 0.00086302, 0.00009061, 0.00887435, 0.0, 0.0, 0.0, 0.0, 0.0, 0.0, 0.0, 0.0, 0.0, 0.0, 0.0, 0.0, 0.0, 0.0},
/* E */  {0.00171449, 0.00134860, 0.00094120, 0.00431981, 0.00012038, 0.00198288, 0.02228701, 0.0, 0.0, 0.0, 0.0, 0.0, 0.0, 0.0, 0.0, 0.0, 0.0, 0.0, 0.0, 0.0},
/* G */  {0.00377032, 0.00109104, 0.00200041, 0.00208171, 0.00027766, 0.00075791, 0.00137378, 0.02862799, 0.0, 0.0, 0.0, 0.0, 0.0, 0.0, 0.0, 0.0, 0.0, 0.0, 0.0, 0.0},
/* H */  {0.00055309, 0.00086284, 0.00090647, 0.00060863, 0.00008179, 0.00059004, 0.00050445, 0.00048565, 0.00651954, 0.0, 0.0, 0.0, 0.0, 0.0, 0.0, 0.0, 0.0, 0.0, 0.0, 0.0},
/* I */  {0.00220646, 0.00057225, 0.00031303, 0.00025649, 0.00045220, 0.00035281, 0.00045697, 0.00037993, 0.00022612, 0.03849576, 0.0, 0.0, 0.0, 0.0, 0.0, 0.0, 0.0, 0.0, 0.0, 0.0},
/* L */  {0.00381068, 0.00163869, 0.00070036, 0.00059610, 0.00076347, 0.00117226, 0.00100848, 0.00085325, 0.00069242, 0.01289017, 0.06242697, 0.0, 0.0, 0.0, 0.0, 0.0, 0.0, 0.0, 0.0, 0.0},
/* K */  {0.00128904, 0.00503393, 0.00110475, 0.00093124, 0.00011644, 0.00153133, 0.00174342, 0.00124620, 0.00057635, 0.00047685, 0.00127074, 0.02038037, 0.0, 0.0, 0.0, 0.0, 0.0, 0.0, 0.0, 0.0},
/* M */  {0.00091853, 0.00035569, 0.00018826, 0.00014307, 0.00014143, 0.00032443, 0.00025953, 0.00025461, 0.00012961, 0.00197902, 0.00470149, 0.00031242, 0.00664434, 0.0, 0.0, 0.0, 0.0, 0.0, 0.0, 0.0},
/* F */  {0.00104509, 0.00041871, 0.00029274, 0.00024187, 0.00025042, 0.00028430, 0.00030233, 0.00038251, 0.00052760, 0.00206921, 0.00516637, 0.00029639, 0.00082168, 0.01594384, 0.0, 0.0, 0.0, 0.0, 0.0, 0.0},
/* P */  {0.00206018, 0.00087308, 0.00061680, 0.00103843, 0.00012950, 0.00059741, 0.00112987, 0.00109440, 0.00038259, 0.00056714, 0.00110273, 0.00104479, 0.00019951, 0.00036721, 0.02279083, 0.0, 0.0, 0.0, 0.0, 0.0},
/* S */  {0.00504091, 0.00117299, 0.00184190, 0.00179304, 0.00054827, 0.00078564, 0.00135015, 0.00237474, 0.00058298, 0.00060948, 0.00122589, 0.00113610, 0.00034579, 0.00048435, 0.00152086, 0.01797025, 0.0, 0.0, 0.0, 0.0},
/* T */  {0.00324132, 0.00114053, 0.00129597, 0.00110460, 0.00050771, 0.00074928, 0.00115084, 0.00112290, 0.00041742, 0.00160885, 0.00217826, 0.00120419, 0.00057071, 0.00059275, 0.00108095, 0.00425846, 0.02135843, 0.0, 0.0, 0.0},
/* W */  {0.00025204, 0.00022655, 0.00008546, 0.00009506, 0.00005394, 0.00013087, 0.00012963, 0.00014265, 0.00014702, 0.00025194, 0.00076101, 0.00012464, 0.00013446, 0.00066516, 0.00012604, 0.00017250, 0.00017248, 0.00365932, 0.0, 0.0},
/* Y */  {0.00094450, 0.00068109, 0.00051212, 0.00039601, 0.00024777, 0.00037500, 0.00046682, 0.00040468, 0.00122439, 0.00095894, 0.00231125, 0.00044961, 0.00040298, 0.00422546, 0.00035318, 0.00061258, 0.00059632, 0.00087220, 0.01710375, 0.0},
/* V */  {0.00586650, 0.00085465, 0.00051317, 0.00043524, 0.00111153, 0.00061787, 0.00091875, 0.00077659, 0.00036472, 0.01533470, 0.01053732, 0.00080075, 0.00154996, 0.00198337, 0.00101902, 0.00127929, 0.00318088, 0.00029139, 0.00113039, 0.04796443},


ET=60-80
/* A */  {0.02735494, 0.0, 0.0, 0.0, 0.0, 0.0, 0.0, 0.0, 0.0, 0.0, 0.0, 0.0, 0.0, 0.0, 0.0, 0.0, 0.0, 0.0, 0.0, 0.0},
/* R */  {0.00280345, 0.02217682, 0.0, 0.0, 0.0, 0.0, 0.0, 0.0, 0.0, 0.0, 0.0, 0.0, 0.0, 0.0, 0.0, 0.0, 0.0, 0.0, 0.0, 0.0},
/* N */  {0.00161998, 0.00181548, 0.01154305, 0.0, 0.0, 0.0, 0.0, 0.0, 0.0, 0.0, 0.0, 0.0, 0.0, 0.0, 0.0, 0.0, 0.0, 0.0, 0.0, 0.0},
/* D */  {0.00254998, 0.00191931, 0.00418675, 0.02657682, 0.0, 0.0, 0.0, 0.0, 0.0, 0.0, 0.0, 0.0, 0.0, 0.0, 0.0, 0.0, 0.0, 0.0, 0.0, 0.0},
/* C */  {0.00075186, 0.00023472, 0.00014716, 0.00014701, 0.00156479, 0.0, 0.0, 0.0, 0.0, 0.0, 0.0, 0.0, 0.0, 0.0, 0.0, 0.0, 0.0, 0.0, 0.0, 0.0},
/* Q */  {0.00188058, 0.00267061, 0.00117022, 0.00180113, 0.00010921, 0.00870791, 0.0, 0.0, 0.0, 0.0, 0.0, 0.0, 0.0, 0.0, 0.0, 0.0, 0.0, 0.0, 0.0, 0.0},
/* E */  {0.00463518, 0.00374614, 0.00225438, 0.00887892, 0.00018671, 0.00424101, 0.03698059, 0.0, 0.0, 0.0, 0.0, 0.0, 0.0, 0.0, 0.0, 0.0, 0.0, 0.0, 0.0, 0.0},
/* G */  {0.00316799, 0.00166987, 0.00262108, 0.00328147, 0.00019462, 0.00121139, 0.00264602, 0.02202364, 0.0, 0.0, 0.0, 0.0, 0.0, 0.0, 0.0, 0.0, 0.0, 0.0, 0.0, 0.0},
/* H */  {0.00090751, 0.00129701, 0.00112631, 0.00101944, 0.00008666, 0.00076305, 0.00115383, 0.00072741, 0.00537949, 0.0, 0.0, 0.0, 0.0, 0.0, 0.0, 0.0, 0.0, 0.0, 0.0, 0.0},
/* I */  {0.00202954, 0.00100943, 0.00039891, 0.00046392, 0.00033521, 0.00052277, 0.00103243, 0.00043894, 0.00034253, 0.02102689, 0.0, 0.0, 0.0, 0.0, 0.0, 0.0, 0.0, 0.0, 0.0, 0.0},
/* L */  {0.00390468, 0.00262315, 0.00103376, 0.00114945, 0.00056513, 0.00160746, 0.00228190, 0.00108436, 0.00095303, 0.00851496, 0.03590498, 0.0, 0.0, 0.0, 0.0, 0.0, 0.0, 0.0, 0.0, 0.0},
/* K */  {0.00353548, 0.00860405, 0.00252147, 0.00276778, 0.00021858, 0.00343724, 0.00567526, 0.00233865, 0.00124170, 0.00111566, 0.00255243, 0.02966810, 0.0, 0.0, 0.0, 0.0, 0.0, 0.0, 0.0, 0.0},
/* M */  {0.00083888, 0.00054161, 0.00023984, 0.00027057, 0.00010398, 0.00039303, 0.00052875, 0.00025778, 0.00016179, 0.00148522, 0.00321993, 0.00064988, 0.00413036, 0.0, 0.0, 0.0, 0.0, 0.0, 0.0, 0.0},
/* F */  {0.00098172, 0.00060513, 0.00034159, 0.00039348, 0.00015133, 0.00033319, 0.00056466, 0.00039734, 0.00051530, 0.00136174, 0.00323057, 0.00054021, 0.00048331, 0.00788218, 0.0, 0.0, 0.0, 0.0, 0.0, 0.0},
/* P */  {0.00290217, 0.00161592, 0.00101165, 0.00231360, 0.00014880, 0.00108951, 0.00290125, 0.00159217, 0.00053169, 0.00070343, 0.00151037, 0.00240050, 0.00029579, 0.00042656, 0.02340451, 0.0, 0.0, 0.0, 0.0, 0.0},
/* S */  {0.00520686, 0.00239609, 0.00278178, 0.00360763, 0.00044395, 0.00166645, 0.00355711, 0.00296783, 0.00091618, 0.00077229, 0.00175324, 0.00302952, 0.00043229, 0.00062847, 0.00263259, 0.01932856, 0.0, 0.0, 0.0, 0.0},
/* T */  {0.00338236, 0.00225416, 0.00196195, 0.00236244, 0.00036896, 0.00135530, 0.00302813, 0.00151057, 0.00069674, 0.00179717, 0.00262365, 0.00291157, 0.00064421, 0.00062874, 0.00175179, 0.00543571, 0.02037157, 0.0, 0.0, 0.0},
/* W */  {0.00025503, 0.00027150, 0.00009698, 0.00013081, 0.00003092, 0.00011281, 0.00022283, 0.00013555, 0.00012145, 0.00019940, 0.00059367, 0.00018339, 0.00009376, 0.00036909, 0.00014948, 0.00017989, 0.00017895, 0.00174535, 0.0, 0.0},
/* Y */  {0.00111751, 0.00097979, 0.00063328, 0.00059714, 0.00017773, 0.00049485, 0.00089923, 0.00047465, 0.00123847, 0.00088737, 0.00209505, 0.00087449, 0.00033847, 0.00257218, 0.00047093, 0.00084605, 0.00079576, 0.00055161, 0.01014944, 0.0},
/* V */  {0.00480177, 0.00157090, 0.00069552, 0.00091604, 0.00075833, 0.00097308, 0.00208954, 0.00092015, 0.00060417, 0.01015752, 0.00793280, 0.00190557, 0.00133341, 0.00151734, 0.00135231, 0.00159657, 0.00364101, 0.00027793, 0.00124721, 0.02962212},


ET=80-100
/* A */  {0.03071748, 0.0, 0.0, 0.0, 0.0, 0.0, 0.0, 0.0, 0.0, 0.0, 0.0, 0.0, 0.0, 0.0, 0.0, 0.0, 0.0, 0.0, 0.0, 0.0},
/* R */  {0.00377865, 0.02033145, 0.0, 0.0, 0.0, 0.0, 0.0, 0.0, 0.0, 0.0, 0.0, 0.0, 0.0, 0.0, 0.0, 0.0, 0.0, 0.0, 0.0, 0.0},
/* N */  {0.00221632, 0.00179183, 0.01100867, 0.0, 0.0, 0.0, 0.0, 0.0, 0.0, 0.0, 0.0, 0.0, 0.0, 0.0, 0.0, 0.0, 0.0, 0.0, 0.0, 0.0},
/* D */  {0.00439268, 0.00232037, 0.00407279, 0.02610589, 0.0, 0.0, 0.0, 0.0, 0.0, 0.0, 0.0, 0.0, 0.0, 0.0, 0.0, 0.0, 0.0, 0.0, 0.0, 0.0},
/* C */  {0.00048183, 0.00018280, 0.00011353, 0.00013738, 0.00285247, 0.0, 0.0, 0.0, 0.0, 0.0, 0.0, 0.0, 0.0, 0.0, 0.0, 0.0, 0.0, 0.0, 0.0, 0.0},
/* Q */  {0.00313456, 0.00287136, 0.00134134, 0.00230463, 0.00009315, 0.00984358, 0.0, 0.0, 0.0, 0.0, 0.0, 0.0, 0.0, 0.0, 0.0, 0.0, 0.0, 0.0, 0.0, 0.0},
/* E */  {0.01054486, 0.00613653, 0.00409840, 0.01361911, 0.00024202, 0.00708497, 0.05189879, 0.0, 0.0, 0.0, 0.0, 0.0, 0.0, 0.0, 0.0, 0.0, 0.0, 0.0, 0.0, 0.0},
/* G */  {0.00330838, 0.00140978, 0.00200173, 0.00284705, 0.00014606, 0.00108978, 0.00333221, 0.02275337, 0.0, 0.0, 0.0, 0.0, 0.0, 0.0, 0.0, 0.0, 0.0, 0.0, 0.0, 0.0},
/* H */  {0.00097007, 0.00119951, 0.00088675, 0.00097307, 0.00005927, 0.00073014, 0.00170675, 0.00050435, 0.00536051, 0.0, 0.0, 0.0, 0.0, 0.0, 0.0, 0.0, 0.0, 0.0, 0.0, 0.0},
/* I */  {0.00139275, 0.00085091, 0.00036804, 0.00046580, 0.00013491, 0.00048984, 0.00142823, 0.00034389, 0.00024153, 0.01206208, 0.0, 0.0, 0.0, 0.0, 0.0, 0.0, 0.0, 0.0, 0.0, 0.0},
/* L */  {0.00301295, 0.00202974, 0.00081717, 0.00111529, 0.00029797, 0.00135691, 0.00282953, 0.00085408, 0.00061449, 0.00420365, 0.02459423, 0.0, 0.0, 0.0, 0.0, 0.0, 0.0, 0.0, 0.0, 0.0},
/* K */  {0.00646316, 0.00871959, 0.00351670, 0.00459666, 0.00022565, 0.00495223, 0.01154855, 0.00240834, 0.00145899, 0.00124778, 0.00260401, 0.03358713, 0.0, 0.0, 0.0, 0.0, 0.0, 0.0, 0.0, 0.0},
/* M */  {0.00069320, 0.00044459, 0.00020067, 0.00028088, 0.00004710, 0.00035532, 0.00073979, 0.00021004, 0.00009721, 0.00069359, 0.00174488, 0.00071534, 0.00340053, 0.0, 0.0, 0.0, 0.0, 0.0, 0.0, 0.0},
/* F */  {0.00067495, 0.00043897, 0.00024857, 0.00032808, 0.00008453, 0.00023753, 0.00063950, 0.00029279, 0.00029536, 0.00067568, 0.00182146, 0.00053949, 0.00025602, 0.00731806, 0.0, 0.0, 0.0, 0.0, 0.0, 0.0},
/* P */  {0.00308274, 0.00144210, 0.00099437, 0.00241022, 0.00011518, 0.00120983, 0.00387955, 0.00128552, 0.00048404, 0.00058091, 0.00119299, 0.00270316, 0.00027166, 0.00032025, 0.01970493, 0.0, 0.0, 0.0, 0.0, 0.0},
/* S */  {0.00603926, 0.00279258, 0.00292168, 0.00432607, 0.00032103, 0.00213856, 0.00666249, 0.00272854, 0.00089065, 0.00072852, 0.00154541, 0.00481568, 0.00041438, 0.00050265, 0.00263582, 0.01991337, 0.0, 0.0, 0.0, 0.0},
/* T */  {0.00360044, 0.00255039, 0.00200656, 0.00270778, 0.00024132, 0.00179159, 0.00536930, 0.00130364, 0.00071835, 0.00142089, 0.00196297, 0.00439876, 0.00055654, 0.00047440, 0.00167373, 0.00522671, 0.01919697, 0.0, 0.0, 0.0},
/* W */  {0.00019354, 0.00022235, 0.00007777, 0.00010116, 0.00001729, 0.00009781, 0.00024481, 0.00010015, 0.00008378, 0.00010317, 0.00035475, 0.00018578, 0.00005536, 0.00023980, 0.00010095, 0.00016153, 0.00012967, 0.00281812, 0.0, 0.0},
/* Y */  {0.00079935, 0.00072132, 0.00047638, 0.00055536, 0.00009477, 0.00040799, 0.00097723, 0.00035079, 0.00074589, 0.00051119, 0.00110891, 0.00080866, 0.00018705, 0.00143324, 0.00034464, 0.00077343, 0.00064376, 0.00031684, 0.00825433, 0.0},
/* V */  {0.00328283, 0.00147759, 0.00060440, 0.00098099, 0.00032552, 0.00102621, 0.00293272, 0.00072740, 0.00045096, 0.00503682, 0.00414164, 0.00238791, 0.00070476, 0.00079619, 0.00112566, 0.00142701, 0.00290563, 0.00015600, 0.00074544, 0.01907442},
